parameter,value,CV,se_lin,rse_lin,P2.5_lin,P97.5_lin
Vmax_NAT_pop,193.840158022934,,42.5341754885321,21.9429120995143,127.9,293.776
k_deg_FAAH_pop,0.00983434989245009,,0.00241801161484066,24.5874068065951,0.00619469,0.0156125
k_inh_pop,0.569458481607028,,0.295246441210954,51.8468774716921,0.237501,1.3654
FAAH_t_pop,135.987815392062,,53.5188421378416,39.3556157833284,67.4874,274.017
kcl_A_pop,1.01042905792259,,0.250260730178409,24.7677685252776,0.634486,1.60912
kcl_O_pop,1.52135383037223,,0.363295492370451,23.8797500698154,0.970179,2.38566
kcl_P_pop,1.52345079816337,,0.303850434943961,19.9448800913213,1.0418,2.22779
kcl_L_pop,0.996502247372308,,0.390272753738602,39.1642622751447,0.495955,2.00223
kcl_S_pop,2.22809023922061e-16,,inf,inf,0,inf
a_FAAH_A_pop,1,
a_FAAH_O_pop,6.55775492161605,,3.54148832899845,54.0045849735066,2.66052,16.1638
a_FAAH_P_pop,52.9919138502418,,25.8502568490342,48.7815120663288,23.0126,122.026
a_FAAH_L_pop,0.875634164275415,,0.678237024300823,77.4566653486005,0.273715,2.80122
a_FAAH_S_pop,1,
a_NAT_A_pop,1,
a_NAT_O_pop,17.7841785141024,,5.69181800921445,32.0049531930923,9.89331,31.9688
a_NAT_P_pop,0.540617987343882,,0.159001405483382,29.4110461001444,0.313782,0.931436
a_NAT_L_pop,10.3801417413831,,4.46717916016374,43.0358204296399,4.88155,22.0723
a_NAT_S_pop,1,
aAEA,1.42620663219768,,0.184122484491739,12.9099444873581,1.11077,1.83121
aFAAH,7.18020152424791,,0.911886505466446,12.700012700019,5.61441,9.18267
aLEA,3.78798332502868,,0.481074363353247,12.700012700019,2.96194,4.84441
aOEA,5.14259736010001,,0.63300997656109,12.3091490979333,4.05103,6.52829
aPEA,0.0349102288049157,,0.00551979183305758,15.8113883008419,0.0257501,0.0473288